

data1 <- c(-0.8839180360072153, 0.49551094097867, -0.828182061382386, 0.49551094097867, -0.828182061382386, -0.8574482436802544, -0.8574482436802544, -0.8839180360072153, -0.828182061382386, -0.8574482436802544, -0.8574482436802544, -0.8574482436802544, 0.49551094097867, -0.828182061382386, -0.828182061382386, 0.49551094097867, 0.49551094097867, 0.49551094097867, 0.49551094097867, 0.49551094097867, 0.49551094097867, 0.49551094097867, 0.49551094097867, 0.49551094097867, 0.49551094097867, 0.49551094097867, 0.49551094097867, 0.49551094097867, 0.49551094097867, 0.49551094097867, 0.49551094097867, 0.49551094097867, 0.49551094097867, -0.8839180360072153, -0.8574482436802544, -0.8839180360072153, -0.8574482436802544, -0.828182061382386, -0.8574482436802544, -0.8839180360072153, -0.8574482436802544, -0.8839180360072153, 0.49551094097867, -0.828182061382386, 0.49551094097867, 0.49551094097867, -0.8839180360072153, -0.828182061382386, 0.49551094097867, -0.828182061382386, 0.49551094097867, -0.8839180360072153, 0.49551094097867, -0.828182061382386, -0.8839180360072153, -0.828182061382386, 0.49551094097867)
datac2 <- c(-0.3884070950285453, -0.332671120403716, -0.332671120403716, -0.332671120403716, -1.6856303050626402, -1.7148964873605088, -1.7413662796874696, -1.7121000973896012, -1.6856303050626402, -1.7148964873605088, -1.7148964873605088, -0.36193730270158436, -0.332671120403716, -1.656364122764772, -0.332671120403716, 0.99102188195734, 0.99102188195734, 0.99102188195734, 0.99102188195734, 0.99102188195734, 0.99102188195734, 0.99102188195734, 0.99102188195734, 0.99102188195734, 0.99102188195734, 0.99102188195734, 0.99102188195734, 0.99102188195734, 0.99102188195734, 0.99102188195734, 0.99102188195734, 0.99102188195734, -0.3884070950285453, -1.7413662796874696, -1.7413662796874696, -1.7413662796874696, -1.6856303050626402, -1.6856303050626402, -1.7413662796874696, -1.7413662796874696, -1.7413662796874696, -0.3884070950285453, -0.332671120403716, -0.332671120403716, 0.99102188195734, -0.3884070950285453, -1.7121000973896012, -0.332671120403716, -0.332671120403716, -0.332671120403716, -0.3884070950285453, -0.3884070950285453, -0.332671120403716, -1.7121000973896012, -1.7121000973896012, -0.332671120403716)
datac3 <- c(-1.2165891564109312, 0.16283982057495405, -1.160853181786102, -1.1901193640839702, -2.5430785487428946, -2.598814523367724, -2.5695483410698556, -2.5695483410698556, -2.5430785487428946, -2.5723447310407628, -1.2193855463818386, -1.1901193640839705, -1.160853181786102, -1.160853181786102, 0.16283982057495405, 1.48653282293601, 1.48653282293601, 1.48653282293601, 1.48653282293601, 1.48653282293601, 1.48653282293601, 1.48653282293601, 1.48653282293601, 1.48653282293601, 1.48653282293601, 1.48653282293601, 1.48653282293601, 1.48653282293601, 1.48653282293601, 1.48653282293601, 1.48653282293601, 0.10710384595012472, -1.2458553387087998, -2.625284315694685, -2.598814523367724, -2.5695483410698556, -2.5430785487428946, -2.5695483410698556, -2.598814523367724, -2.625284315694685, -1.2458553387087996, -1.2165891564109312, 0.16283982057495405, 0.16283982057495405, 0.10710384595012472, -1.2165891564109312, -1.2165891564109312, -1.160853181786102, 0.16283982057495405, -1.2165891564109312, 0.10710384595012462, -1.2165891564109312, -1.2165891564109312, -2.5402821587719875, -1.2165891564109312)
data4 <- c(-0.7210782154322612, -0.6653422408074319, -2.0183014254663565, -2.0475676077642246, -3.42699658475011, -3.42699658475011, -3.42699658475011, -3.42699658475011, -3.400526792423149, -2.076833790062093, -2.0475676077642246, -2.0183014254663565, -0.6653422408074319, -0.6653422408074319, 0.6583507615536242, 1.98204376391468, 1.98204376391468, 1.98204376391468, 1.98204376391468, 1.98204376391468, 1.98204376391468, 1.98204376391468, 1.98204376391468, 1.98204376391468, 1.98204376391468, 1.98204376391468, 1.98204376391468, 1.98204376391468, 1.98204376391468, 1.98204376391468, 0.6026147869287948, -0.7503443977301296, -2.1297733747160152, -3.482732559374939, -3.42699658475011, -3.42699658475011, -3.42699658475011, -3.42699658475011, -3.482732559374939, -2.129773374716015, -2.0740374000911856, -0.7210782154322612, 0.6583507615536242, -0.7210782154322612, -0.7210782154322612, -0.7210782154322612, -2.0447712177933175, -0.6653422408074319, -0.7210782154322612, -0.7210782154322612, -0.7210782154322612, -2.1005071924181467, -2.0447712177933175, -2.0447712177933175)
data5 <- c(-1.5492602768146473, -1.5227904844876863, -2.875749669146611, -2.93148564377144, -4.255178646132496, -4.284444828430364, -4.284444828430364, -4.284444828430364, -2.905015851444479, -2.9050158514444795, -2.8757496691466105, -1.5227904844876865, -0.1698312998287619, -0.16983129982876194, 1.1538617025322941, 2.47755470489335, 2.47755470489335, 2.47755470489335, 2.47755470489335, 2.47755470489335, 2.47755470489335, 2.47755470489335, 2.47755470489335, 2.47755470489335, 2.47755470489335, 2.47755470489335, 2.47755470489335, 2.47755470489335, 2.47755470489335, 1.0981257279074648, -0.25483345675145963, -1.634262433737345, -2.9872216183962697, -4.310914620757326, -4.284444828430364, -4.310914620757326, -4.284444828430364, -4.310914620757326, -2.987221618396269, -2.957955436098401, -1.5785264591125154, -0.22556727445359126, -0.22556727445359123, -1.5492602768146473, -0.22556727445359123, -1.5492602768146473, -1.549260276814647, -1.5492602768146473, -0.22556727445359126, -1.5492602768146473, -1.6049962514394767, -2.9286892538005325, -1.5492602768146473)
data6 <- c(-2.406708520494902, -2.3802387281679405, -3.7596677051538263, -3.7596677051538263, -5.11262688981275, -5.141893072110618, -5.141893072110618, -3.788933887451694, -3.733197912826865, -3.733197912826865, -2.3802387281679405, -1.0272795435090163, 0.32567964114990805, 0.32567964114990805, 1.6493726435109641, 2.97306564587202, 2.97306564587202, 2.97306564587202, 2.97306564587202, 2.97306564587202, 2.97306564587202, 2.97306564587202, 2.97306564587202, 2.97306564587202, 2.97306564587202, 2.97306564587202, 2.97306564587202, 2.97306564587202, 1.593636668886135, 0.2406774842272105, -1.1387514927586748, -2.491710677417599, -3.8154036797786555, -5.16836286443758, -5.16836286443758, -5.16836286443758, -5.16836286443758, -3.8154036797786555, -3.8154036797786555, -2.462444495119731, -1.0830155181338454, -1.1094853104608067, -1.0537493358359773, -1.0537493358359773, -1.0537493358359773, -1.0537493358359773, -2.433178312821862, -1.0537493358359773, -1.0537493358359773, -2.4331783128218625, -2.4331783128218625, -2.4331783128218625)
data7 <- c(-3.2641567641751563, -3.264156764175156, -4.587849766536212, -4.617115948834081, -5.970075133493005, -5.999341315790873, -4.646382131131949, -4.617115948834081, -4.561379974209252, -3.2376869718481953, -1.8847277871892705, -0.5317686025303464, 0.8211905821285781, 0.8211905821285781, 2.144883584489634, 3.46857658685069, 3.46857658685069, 3.46857658685069, 3.46857658685069, 3.46857658685069, 3.46857658685069, 3.46857658685069, 3.46857658685069, 3.46857658685069, 3.46857658685069, 3.46857658685069, 3.46857658685069, 2.089147609864805, 0.7361884252058805, -0.6432405517800047, -1.9961997364389292, -3.3198927387999855, -4.67285192345891, -6.052280900444795, -6.025811108117834, -6.052280900444795, -4.67285192345891, -4.643585741161041, -3.319892738799985, -1.9669335541410609, -1.9669335541410609, -1.9376673718431925, -0.5582383948573072, -1.8819313972183633, -0.5582383948573072, -1.9376673718431925, -1.9376673718431923, -1.8819313972183633, -1.9376673718431925, -3.2613603742042487, -1.9376673718431925)
